                HMM  HMM%  K200ETF%  excess_pp   팬오션%
Date                                                 
2026-07-24  21650.0  3.10     -6.06       9.16  -0.38
2026-07-27  20650.0 -4.62      1.28      -5.90  -0.76
2026-07-28  20000.0 -3.15    -11.19       8.04  -3.44
2026-07-29  20250.0  1.25     -6.34       7.59  -1.98
2026-07-30  20650.0  1.98     -2.00       3.97  -0.50
2026-07-31  20950.0  1.45     24.17     -22.72  10.84
2026-08-03  20750.0 -0.95     -8.93       7.97  -9.78
2026-08-04  21200.0  2.17      1.24       0.93  14.29
2026-08-05  21100.0 -0.47      3.96      -4.43   3.90
2026-08-06  21400.0  1.42     -5.18       6.60  -0.17
2026-08-07  21800.0  1.87     -0.82       2.69   3.25
2026-08-10  21450.0 -1.61      0.18      -1.78  -3.48
2026-08-11  21650.0  0.93      1.02      -0.09  -0.86
2026-08-12  21350.0 -1.39      4.01      -5.40   0.35
2026-08-13  21050.0 -1.41      3.89      -5.30  -2.93
2026-08-14  21250.0  0.95      2.60      -1.65   2.84
2026-08-18  22650.0  6.59     -1.37       7.96   4.32
2026-08-19  21700.0 -4.19     -6.26       2.06  -0.50
2026-08-20  21200.0 -2.30      6.32      -8.62  -3.99
2026-08-21  21050.0 -0.71      0.65      -1.35  -1.04

cum since 08-13: HMM 0.00%  069500 1.51%
